7
0 82 3 97 7 39 32 
82 0 74 9 8 8 47 
3 74 0 53 14 4 67 
97 9 53 0 49 82 81 
7 8 14 49 0 69 51 
39 8 4 82 69 0 90 
32 47 67 81 51 90 0 
